00ffe
00fd7
00fab
00f81
00f71
00f74
00200
00f52
00f35
00f4f
00f33
00f43
00f3d
00f3a
00f20
00f16
00f24
00f1a
00f0d
00f13
00f24
00200
00200
00f04
00efd
00ef9
00ee3
00ee9
00f00
00200
00f09
00ef9
00ee4
00ee9
00edd
00ee1
00eea
00ee8
00eed
00ef1
00200
00200
00200
00200
00200
00ed9
00200
00ed6
00ee7
00ed8
00ed2
00ebe
00ec7
00ee2
00200
00200
00200
00200
00200
00200
00200
00ebb
00ec3
00200
00200
00200
00eb6
00ec8
00ed5
00ecb
00ebe
00eb3
00eb0
00eab
00ebe
00ecb
00ed3
00ecc
00ed0
00ec6
00ece
00ec4
00ebd
00ebf
00ec4
00eb1
00ebb
00ece
00eb8
00ea9
00eb3
00eae
00eb5
00ea5
00e87
00e94
00ea7
00ea3
00ea5
00e9e
00ea8
00ebb
00ec3
00eb8
00eca
00ec4
00eb8
00eba
00ebc
00eb4
00ebe
00200
00200
00200
00200
00ec1
00eb2
00eb4
00ead
00e73
00e6e
00e67
00e79
00e76
00e88
00e9a
00ea3
00e94
00eb0
00e9e
00ea3
00eac
00eaf
00e9d
00e9d
00e93
00ea4
00eb1
00ea7
00ebc
00e8e
00e93
00e9a
00e96
00e88
00e8f
00e94
00e9a
00ea2
00ea3
00ebc
00ea6
00eac
00ea4
00eb5
00eb4
00ea9
00eaa
00ea6
00eae
00ec0
00ebe
00eaa
00eae
00ea8
00eae
00ea6
00eab
00ea2
00ea3
00ea2
00e9a
00e93
00e9d
00e9b
00e92
00e94
00e97
00200
00200
00200
00200
00200
00200
00200
00200
00200
00200
00200
00200
00200
00200
00200
00200
00200
00200
00200
00200
00200
00200
00200
00200
00200
00200
00200
00200
00200
00200
00200
00200
00200
00200
00200
00200
00200
00200
00200
00200
00200
00200
00200
00200
00200
00200
00200
00200
00200
00200
00200
00200
00200
00200
00200
00200
00200
00200
00200
00200
00200
00200
00200
00200
00200
00200
00200
00200
00200
00200
00200
00200
00200
00200
00200
00200
00200
00200
00200
00200
00200
00200
00200
00200
00200
00200
00200
00200
00200
00200
00200
00200
00200
00200
00200
00200
00200
00200
00200
00200
00200
00200
00200
00200
00200
00200
00200
00200
00200
00200
00200
00200
00200
00200
00200
00200
00200
00200
00200
00200
00200
00200
00200
00200
00200
00200
00200
00200
00200
00200
00200
00200
00200
00200
00200
00200
00200
00200
00200
00200
00200
00200
00200
00200
00200
00200
00200
00200
00200
00200
00200
00200
00200
00200
00200
00200
00200
00200
00200
00200
00200
00200
00200
00200
00200
00200
00200
00200
00200
00200
00200
00200
00200
00200
00200
00200
00200
00200
00200
00200
00200
00200
00200
00200
00200
00200
00200
00200
00200
00200
00200
00200
00200
00200
00200
00200
00200
00200
00200
00200
00200
00200
00200
00200
00200
00200
00200
00200
00200
00200
00200
00200
00200
00200
00200
00200
00200
00200
00200
00200
00200
00200
00200
00200
00200
00200
00200
00200
00200
00200
00200
00200
00200
00200
00200
00200
00200
00200
00200
00200
00200
00200
00200
00200
00200
00200
00200
00200
00200
00200
00200
00200
00200
00200
00200
00200
00200
00200
00200
00200
00200
00200
00200
00200
00200
00200
00200
00200
00200
00200
00200
00200
00200
00200
00200
00200
00200
00200
00200
00200
00200
00200
00200
00200
00200
00200
00200
00200
00200
00200
00200
00200
00200
00200
00200
00200
00200
00200
00200
00200
00200
00200
00200
00200
00200
00200
00200
00200
00200
00200
00200
00200
00200
00200
00200
00200
00200
00200
00200
00200
00200
00200
00200
00200
00200
00200
00200
00200
00200
00200
00200
00200
00200
00200
00200
00200
00200
00200
00200
00200
00200
00200
00200
00200
00200
00200
00200
00200
00200
00200
00200
00200
00200
00200
00200
00200
00200
00200
00200
00200
00200
00200
00200
00200
00200
00200
00200
00200
00200
00200
00200
00200
00200
00200
00200
00200
00200
00200
00200
00200
00200
00200
00200
00200
00200
00200
00200
00200
00200
00200
00200
00200
00200
00200
00200
00200
00200
00200
00200
00200
00200
00200
00200
00200
00200
00200
00200
00200
00200
00200
00200
00200
00200
00200
00200
00200
00200
00200
00200
00200
00200
00200
00200
00200
00200
00200
00200
00200
00200
00200
00200
00200
00200
00200
00200
00200
00200
00200
00200
00200
00200
00200
00200
00200
00200
00200
00200
00200
00200
00200
00200
00200
00200
00200
00200
00200
00200
00200
00200
00200
00200
00200
00200
00200
00200
00200
00200
00200
00200
00200
00200
00200
00200
00200
00200
00200
00200
00200
00200
00200
00200
00200
00200
00200
00200
00200
00200
00200
00200
00200
00200
00200
00200
00200
00200
00200
00200
00200
00200
00200
00200
00200
00200
00200
00200
00200
00200
00200
00200
00200
00200
00200
00200
00200
00200
00200
00200
00200
00200
00200
00200
00200
00200
00200
00200
00200
00200
00200
00200
00200
00200
00200
00200
00200
00200
00200
00200
00200
00200
00200
00200
00200
00200
00200
00200
00200
00200
00200
00200
00200
00200
00200
00200
00200
00200
00200
00200
00200
00200
00200
00200
00200
00200
00200
00200
00200
00200
00200
00200
00200
00200
00200
00200
00200
00200
00200
00200
00200
00200
00200
00200
00200
00200
00200
00200
00200
00200
00200
00200
00200
00200
00200
00200
00200
00200
00200
00200
00200
00200
00200
00200
00200
00200
00200
00200
00200
00200
00200
00200
00200
00200
00200
00200
00200
00200
00200
00200
00200
00200
00200
00200
00200
00200
00200
00200
00200
00200
00200
00200
00200
00200
00200
00200
00200
00200
00200
00200
00200
00200
00200
00200
00200
00200
00200
00200
00200
00200
00200
00200
00200
00200
00200
00200
00200
00200
00200
00200
00200
00200
00200
00200
00200
00200
00200
00200
00200
00200
00200
00200
00200
00200
00200
00200
00200
00200
00200
00200
00200
00200
00200
00200
00200
00200
00200
00200
00200
00200
00200
00200
00200
00200
00200
00200
00200
00200
00200
00200
00200
00200
00200
00200
00200
00200
00200
00200
00200
00200
00200
00200
00200
00200
00200
00200
00200
00200
00200
00200
00200
00200
00200
00200
00200
00200
00200
00200
00200
00200
00200
00200
00200
00200
00200
00200
00200
00200
00200
00200
00200
00200
00200
00200
00200
00200
00200
00200
00200
00200
00200
00200
00200
00200
00200
00200
00200
00200
00200
00200
00200
00200
00200
00200
00200
00200
00200
00200
00200
00200
00200
00200
00200
00200
00200
00200
00200
00200
00200
00200
00200
00200
00200
00200
00200
00200
00200
00200
00200
00200
00200
00200
00200
00200
00200
00200
00200
00200
00200
00200
00200
00200
00200
00200
00200
00200
00200
00200
00200
00200
00200
00200
00200
00200
00200
00200
00200
00200
00200
00200
00200
00200
00200
00200
00200
00200
00200
00200
00200
00200
00200
00200
00200
00200
00200
00200
00200
00200
00200
00200
00200
00200
00200
00200
00200
00200
00200
01000
00200
